1,-63.22,-80.786
2,-63.22,-80.786
3,-63.22,-80.786
4,-63.22,-80.786
5,-63.22,-80.786
6,-63.22,-80.786
7,-63.22,-80.786
8,-63.22,-80.786
9,-63.22,-80.786
10,-63.22,-80.786
11,-63.22,-80.786
12,-63.22,-80.786
13,-63.22,-80.786
14,-63.22,-80.786
15,-63.22,-80.786
16,-63.22,-80.786
17,-63.22,-80.786
18,-63.22,-80.786
19,-63.22,-80.786
20,-63.22,-80.786
21,-63.22,-80.786
22,-63.22,-80.786
23,-63.22,-80.786
24,-63.22,-80.786
25,-63.22,-80.786
26,-63.22,-80.786
27,-63.22,-80.786
28,-63.22,-80.786
29,-63.22,-80.786
30,-63.22,-80.786
31,-63.22,-80.786
32,-63.22,-80.786
33,-63.22,-80.786
34,-63.22,-80.786
35,-63.22,-80.786
36,-63.22,-80.786
37,-63.22,-80.786
38,-63.22,-80.786
39,-63.22,-80.786
40,-63.22,-80.786
41,-63.22,-80.786
42,-63.22,-80.786
43,-63.22,-80.786
44,-63.22,-80.786
45,-63.22,-80.786
46,-63.22,-80.786
47,-63.22,-80.786
48,-63.22,-80.786
49,-63.22,-80.786
50,-63.22,-80.786
51,-63.22,-80.786
52,-63.22,-80.786
53,-63.22,-80.786
54,-63.22,-80.786
55,-63.22,-80.786
56,-63.22,-80.786
57,-63.22,-80.786
58,-63.22,-80.786
59,-63.22,-80.786
60,-63.22,-80.786
61,-63.22,-80.786
62,-63.22,-80.786
63,-63.22,-80.786
64,-63.22,-80.786
65,-63.22,-80.786
66,-63.22,-80.786
67,-63.22,-80.786
68,-63.22,-80.786
69,-63.22,-80.786
70,-63.22,-80.786
71,-63.22,-80.786
72,-63.22,-80.786
73,-63.22,-80.786
74,-63.22,-80.786
75,-63.22,-80.786
76,-63.22,-80.786
77,-63.22,-80.786
78,-63.22,-80.786
79,-63.22,-80.786
80,-63.22,-80.786
81,-63.22,-80.786
82,-63.22,-80.786
83,-63.22,-80.786
84,-63.22,-80.786
85,-63.22,-80.786
86,-63.22,-80.786
87,-63.22,-80.786
88,-63.22,-80.786
89,-63.22,-80.786
90,-63.22,-80.786
91,-63.22,-80.786
92,-63.22,-80.786
93,-63.22,-80.786
94,-63.22,-80.786
95,-63.22,-80.786
96,-63.22,-80.786
97,-63.22,-80.786
98,-63.22,-80.786
99,-63.22,-80.786
100,-63.22,-80.786
101,-63.22,-80.786
102,-63.22,-80.786
103,-63.22,-80.786
104,-63.22,-80.786
105,-63.22,-80.786
106,-63.22,-80.786
107,-63.22,-80.786
108,-63.22,-80.786
109,-63.22,-80.786
110,-63.22,-80.786
111,-63.22,-80.786
112,-63.22,-80.786
113,-63.22,-80.786
114,-63.22,-80.786
115,-63.22,-80.786
116,-63.22,-80.786
117,-63.22,-80.786
118,-63.22,-80.786
119,-63.22,-80.786
120,-63.22,-80.786
121,-63.22,-80.786
122,-63.22,-80.786
123,-63.22,-80.786
124,-63.22,-80.786
125,-63.22,-80.786
126,-63.22,-80.786
127,-63.22,-80.786
128,-63.22,-80.786
129,-63.22,-80.786
130,-63.22,-80.786
131,-63.22,-80.786
132,-63.22,-80.786
133,-63.22,-80.786
134,-63.22,-80.786
135,-63.22,-80.786
136,-63.22,-80.786
137,-63.22,-80.786
138,-63.22,-80.786
139,-63.22,-80.786
140,-63.22,-80.786
141,-63.22,-80.786
142,-63.22,-80.786
143,-63.22,-80.786
144,-63.22,-80.786
145,-63.22,-80.786
146,-63.22,-80.786
147,-63.22,-80.786
148,-63.22,-80.786
149,-63.22,-80.786
150,-63.22,-80.786
151,-63.22,-80.786
152,-63.22,-80.786
153,-63.22,-80.786
154,-63.22,-80.786
155,-63.22,-80.786
156,-63.22,-80.786
157,-63.22,-80.786
158,-63.22,-80.786
159,-63.22,-80.786
160,-63.22,-80.786
161,-63.22,-80.786
162,-63.22,-80.786
163,-63.22,-80.786
164,-63.22,-80.786
165,-63.22,-80.786
166,-63.22,-80.786
167,-63.22,-80.786
168,-63.22,-80.786
169,-63.22,-80.786
170,-63.22,-80.786
171,-63.22,-80.786
172,-63.22,-80.786
173,-63.22,-80.786
174,-63.22,-80.786
175,-63.22,-80.786
176,-63.22,-80.786
177,-63.22,-80.786
178,-63.22,-80.786
179,-63.22,-80.786
180,-63.22,-80.786
181,-63.22,-80.786
182,-63.22,-80.786
183,-63.22,-80.786
184,-63.22,-80.786
185,-63.22,-80.786
186,-63.22,-80.786
187,-63.22,-80.786
188,-63.22,-80.786
189,-63.22,-80.786
190,-63.22,-80.786
191,-63.22,-80.786
192,-63.22,-80.786
193,-63.22,-80.786
194,-63.22,-80.786
195,-63.22,-80.786
196,-63.22,-80.786
197,-63.22,-80.786
198,-63.22,-80.786
199,-63.22,-80.786
200,-63.22,-80.786
201,-63.22,-80.786
202,-63.22,-80.786
203,-63.22,-80.786
204,-63.22,-80.786
205,-63.22,-80.786
206,-63.22,-80.786
207,-63.22,-80.786
208,-63.22,-80.786
209,-63.22,-80.786
210,-63.22,-80.786
211,-63.22,-80.786
212,-63.22,-80.786
213,-63.22,-80.786
214,-63.22,-80.786
215,-63.22,-80.786
216,-63.22,-80.786
217,-63.22,-80.786
218,-63.22,-80.786
219,-63.22,-80.786
220,-63.22,-80.786
221,-63.22,-80.786
222,-63.22,-80.786
223,-63.22,-80.786
224,-63.22,-80.786
225,-63.22,-80.786
226,-63.22,-80.786
227,-63.22,-80.786
228,-63.22,-80.786
229,-63.22,-80.786
230,-63.22,-80.786
231,-63.22,-80.786
232,-63.22,-80.786
233,-63.22,-80.786
234,-63.22,-80.786
235,-63.22,-80.786
236,-63.22,-80.786
237,-63.22,-80.786
238,-63.22,-80.786
239,-63.22,-80.786
240,-63.22,-80.786
241,-63.22,-80.786
242,-63.22,-80.786
243,-63.22,-80.786
244,-63.22,-80.786
245,-63.22,-80.786
246,-63.22,-80.786
247,-63.22,-80.786
248,-63.22,-80.786
249,-63.22,-80.786
250,-63.22,-80.786
251,-63.22,-80.786
252,-63.22,-80.786
253,-63.22,-80.786
254,-63.22,-80.786
255,-63.22,-80.786
256,-63.22,-80.786
257,-63.22,-80.786
258,-63.22,-80.786
259,-63.22,-80.786
260,-63.22,-80.786
261,-63.22,-80.786
262,-63.22,-80.786
263,-63.22,-80.786
264,-63.22,-80.786
265,-63.22,-80.786
266,-63.22,-80.786
267,-63.22,-80.786
268,-63.22,-80.786
269,-63.22,-80.786
270,-63.22,-80.786
271,-63.22,-80.786
272,-63.22,-80.786
273,-63.22,-80.786
274,-63.22,-80.786
275,-63.22,-80.786
276,-63.22,-80.786
277,-63.22,-80.786
278,-63.22,-80.786
279,-63.22,-80.786
280,-63.22,-80.786
281,-63.22,-80.786
282,-63.22,-80.786
283,-63.22,-80.786
284,-63.22,-80.786
285,-63.22,-80.786
286,-63.22,-80.786
287,-63.22,-80.786
288,-63.22,-80.786
289,-63.22,-80.786
290,-63.22,-80.786
291,-63.22,-80.786
292,-63.22,-80.786
293,-63.22,-80.786
294,-63.22,-80.786
295,-63.22,-80.786
296,-63.22,-80.786
297,-63.22,-80.786
298,-63.22,-80.786
299,-63.22,-80.786
300,-63.22,-80.786
301,-63.22,-80.786
302,-63.22,-80.786
303,-63.22,-80.786
304,-63.22,-80.786
305,-63.22,-80.786
306,-63.22,-80.786
307,-63.22,-80.786
308,-63.22,-80.786
309,-63.22,-80.786
310,-63.22,-80.786
311,-63.22,-80.786
312,-63.22,-80.786
313,-63.22,-80.786
314,-63.22,-80.786
315,-63.22,-80.786
316,-63.22,-80.786
317,-63.22,-80.786
318,-63.22,-80.786
319,-63.22,-80.786
320,-63.22,-80.786
321,-63.22,-80.786
322,-63.22,-80.786
323,-63.22,-80.786
324,-63.22,-80.786
325,-63.22,-80.786
326,-63.22,-80.786
327,-63.22,-80.786
328,-63.22,-80.786
329,-63.22,-80.786
330,-63.22,-80.786
331,-63.22,-80.786
332,-63.22,-80.786
333,-63.22,-80.786
334,-63.22,-80.786
335,-63.22,-80.786
336,-63.22,-80.786
337,-63.22,-80.786
338,-63.22,-80.786
339,-63.22,-80.786
340,-63.22,-80.786
341,-63.22,-80.786
342,-63.22,-80.786
343,-63.22,-80.786
344,-63.22,-80.786
345,-63.22,-80.786
346,-63.22,-80.786
347,-63.22,-80.786
348,-63.22,-80.786
349,-63.22,-80.786
350,-63.22,-80.786
351,-63.22,-80.786
352,-63.22,-80.786
353,-63.22,-80.786
354,-63.22,-80.786
355,-63.22,-80.786
356,-63.22,-80.786
357,-63.22,-80.786
358,-63.22,-80.786
359,-63.22,-80.786
360,-63.22,-80.786
361,-63.22,-80.786
362,-63.22,-80.786
363,-63.22,-80.786
364,-63.22,-80.786
365,-63.22,-80.786
366,-63.22,-80.786
367,-63.22,-80.786
368,-63.22,-80.786
369,-63.22,-80.786
370,-63.22,-80.786
371,-63.22,-80.786
372,-63.22,-80.786
373,-63.22,-80.786
374,-63.22,-80.786
375,-63.22,-80.786
376,-63.22,-80.786
377,-63.22,-80.786
378,-63.22,-80.786
379,-63.22,-80.786
380,-63.22,-80.786
381,-63.22,-80.786
382,-63.22,-80.786
383,-63.22,-80.786
384,-63.22,-80.786
385,-63.22,-80.786
386,-63.22,-80.786
387,-63.22,-80.786
388,-63.22,-80.786
389,-63.22,-80.786
390,-63.22,-80.786
391,-63.22,-80.786
392,-63.22,-80.786
393,-63.22,-80.786
394,-63.22,-80.786
395,-63.22,-80.786
396,-63.22,-80.786
397,-63.22,-80.786
398,-63.22,-80.786
399,-63.22,-80.786
400,-63.22,-80.786
401,-63.22,-80.786
402,-63.22,-80.786
403,-63.22,-80.786
404,-63.22,-80.786
405,-63.22,-80.786
406,-63.22,-80.786
407,-63.22,-80.786
408,-63.22,-80.786
409,-63.22,-80.786
410,-63.22,-80.786
411,-63.22,-80.786
412,-63.22,-80.786
413,-63.22,-80.786
414,-63.22,-80.786
415,-63.22,-80.786
416,-63.22,-80.786
417,-63.22,-80.786
418,-63.22,-80.786
419,-63.22,-80.786
420,-63.22,-80.786
421,-63.22,-80.786
422,-63.22,-80.786
423,-63.22,-80.786
424,-63.22,-80.786
425,-63.22,-80.786
426,-63.22,-80.786
427,-63.22,-80.786
428,-63.22,-80.786
429,-63.22,-80.786
430,-63.22,-80.786
431,-63.22,-80.786
432,-63.22,-80.786
433,-63.22,-80.786
434,-63.22,-80.786
435,-63.22,-80.786
436,-63.22,-80.786
437,-63.22,-80.786
438,-63.22,-80.786
439,-63.22,-80.786
440,-63.22,-80.786
441,-63.22,-80.786
442,-63.22,-80.786
443,-63.22,-80.786
444,-63.22,-80.786
445,-63.22,-80.786
446,-63.22,-80.786
447,-63.22,-80.786
448,-63.22,-80.786
449,-63.22,-80.786
450,-63.22,-80.786
451,-63.22,-80.786
452,-63.22,-80.786
453,-63.22,-80.786
454,-63.22,-80.786
455,-63.22,-80.786
456,-63.22,-80.786
457,-63.22,-80.786
458,-63.22,-80.786
459,-63.22,-80.786
460,-63.22,-80.786
461,-63.22,-80.786
462,-63.22,-80.786
463,-63.22,-80.786
464,-63.22,-80.786
465,-63.22,-80.786
466,-63.22,-80.786
467,-63.22,-80.786
468,-63.22,-80.786
469,-63.22,-80.786
470,-63.22,-80.786
471,-63.22,-80.786
472,-63.22,-80.786
473,-63.22,-80.786
474,-63.22,-80.786
475,-63.22,-80.786
476,-63.22,-80.786
477,-63.22,-80.786
478,-63.22,-80.786
479,-63.22,-80.786
480,-63.22,-80.786
481,-63.22,-80.786
482,-63.22,-80.786
483,-63.22,-80.786
484,-63.22,-80.786
485,-63.22,-80.786
486,-63.22,-80.786
487,-63.22,-80.786
488,-63.22,-80.786
489,-63.22,-80.786
490,-63.22,-80.786
491,-63.22,-80.786
492,-63.22,-80.786
493,-63.22,-80.786
494,-63.22,-80.786
495,-63.22,-80.786
496,-63.22,-80.786
497,-63.22,-80.786
498,-63.22,-80.786
499,-63.22,-80.786
500,-63.22,-80.786
501,-63.22,-80.786
502,-63.22,-80.786
503,-63.22,-80.786
504,-63.22,-80.786
505,-63.22,-80.786
506,-63.22,-80.786
507,-63.22,-80.786
508,-63.22,-80.786
509,-63.22,-80.786
510,-63.22,-80.786
511,-63.22,-80.786
512,-63.22,-80.786
513,-63.22,-80.786
514,-63.22,-80.786
515,-63.22,-80.786
516,-63.22,-80.786
517,-63.22,-80.786
518,-63.22,-80.786
519,-63.22,-80.786
520,-63.22,-80.786
521,-63.22,-80.786
522,-63.22,-80.786
523,-63.22,-80.786
524,-63.22,-80.786
525,-63.22,-80.786
526,-63.22,-80.786
527,-63.22,-80.786
528,-63.22,-80.786
529,-63.22,-80.786
530,-63.22,-80.786
531,-63.22,-80.786
532,-63.22,-80.786
533,-63.22,-80.786
534,-63.22,-80.786
535,-63.22,-80.786
536,-63.22,-80.786
537,-63.22,-80.786
538,-63.22,-80.786
539,-63.22,-80.786
540,-63.22,-80.786
541,-63.22,-80.786
542,-63.22,-80.786
543,-63.22,-80.786
544,-63.22,-80.786
545,-63.22,-80.786
546,-63.22,-80.786
547,-63.22,-80.786
548,-63.22,-80.786
549,-63.22,-80.786
550,-63.22,-80.786
551,-63.22,-80.786
552,-63.22,-80.786
553,-63.22,-80.786
554,-63.22,-80.786
555,-63.22,-80.786
556,-63.22,-80.786
557,-63.22,-80.786
558,-63.22,-80.786
559,-63.22,-80.786
560,-63.22,-80.786
561,-63.22,-80.786
562,-63.22,-80.786
563,-63.22,-80.786
564,-63.22,-80.786
565,-63.22,-80.786
566,-63.22,-80.786
567,-63.22,-80.786
568,-63.22,-80.786
569,-63.22,-80.786
570,-63.22,-80.786
571,-63.22,-80.786
572,-63.22,-80.786
573,-63.22,-80.786
574,-63.22,-80.786
575,-63.22,-80.786
576,-63.22,-80.786
577,-63.22,-80.786
578,-63.22,-80.786
579,-63.22,-80.786
580,-63.22,-80.786
581,-63.22,-80.786
582,-63.22,-80.786
583,-63.22,-80.786
584,-63.22,-80.786
585,-63.22,-80.786
586,-63.22,-80.786
587,-63.22,-80.786
588,-63.22,-80.786
589,-63.22,-80.786
590,-63.22,-80.786
591,-63.22,-80.786
592,-63.22,-80.786
593,-63.22,-80.786
594,-63.22,-80.786
595,-63.22,-80.786
596,-63.22,-80.786
597,-63.22,-80.786
598,-63.22,-80.786
599,-63.22,-80.786
600,-63.22,-80.786
601,-63.22,-80.786
602,-63.22,-80.786
603,-63.22,-80.786
604,-63.22,-80.786
605,-63.22,-80.786
606,-63.22,-80.786
607,-63.22,-80.786
608,-63.22,-80.786
609,-63.22,-80.786
610,-63.22,-80.786
611,-63.22,-80.786
612,-63.22,-80.786
613,-63.22,-80.786
614,-63.22,-80.786
615,-63.22,-80.786
616,-63.22,-80.786
617,-63.22,-80.786
618,-63.22,-80.786
619,-63.22,-80.786
620,-63.22,-80.786
621,-63.22,-80.786
622,-63.22,-80.786
623,-63.22,-80.786
624,-63.22,-80.786
625,-63.22,-80.786
626,-63.22,-80.786
627,-63.22,-80.786
628,-63.22,-80.786
629,-63.22,-80.786
630,-63.22,-80.786
631,-63.22,-80.786
632,-63.22,-80.786
633,-63.22,-80.786
634,-63.22,-80.786
635,-63.22,-80.786
636,-63.22,-80.786
637,-63.22,-80.786
638,-63.22,-80.786
639,-63.22,-80.786
640,-63.22,-80.786
641,-63.22,-80.786
642,-63.22,-80.786
643,-63.22,-80.786
644,-63.22,-80.786
645,-63.22,-80.786
646,-63.22,-80.786
647,-63.22,-80.786
648,-63.22,-80.786
649,-63.22,-80.786
650,-63.22,-80.786
651,-63.22,-80.786
652,-63.22,-80.786
653,-63.22,-80.786
654,-63.22,-80.786
655,-63.22,-80.786
656,-63.22,-80.786
657,-63.22,-80.786
658,-63.22,-80.786
659,-63.22,-80.786
660,-63.22,-80.786
661,-63.22,-80.786
662,-63.22,-80.786
663,-63.22,-80.786
664,-63.22,-80.786
665,-63.22,-80.786
666,-63.22,-80.786
667,-63.22,-80.786
668,-63.22,-80.786
669,-63.22,-80.786
670,-63.22,-80.786
671,-63.22,-80.786
672,-63.22,-80.786
673,-63.22,-80.786
674,-63.22,-80.786
675,-63.22,-80.786
676,-63.22,-80.786
677,-63.22,-80.786
678,-63.22,-80.786
679,-63.22,-80.786
680,-63.22,-80.786
681,-63.22,-80.786
682,-63.22,-80.786
683,-63.22,-80.786
684,-63.22,-80.786
685,-63.22,-80.786
686,-63.22,-80.786
687,-63.22,-80.786
688,-63.22,-80.786
689,-63.22,-80.786
690,-63.22,-80.786
691,-63.22,-80.786
692,-63.22,-80.786
693,-63.22,-80.786
694,-63.22,-80.786
695,-63.22,-80.786
696,-63.22,-80.786
697,-63.22,-80.786
698,-63.22,-80.786
699,-63.22,-80.786
700,-63.22,-80.786
701,-63.22,-80.786
702,-63.22,-80.786
703,-63.22,-80.786
704,-63.22,-80.786
705,-63.22,-80.786
706,-63.22,-80.786
707,-63.22,-80.786
708,-63.22,-80.786
709,-63.22,-80.786
710,-63.22,-80.786
711,-63.22,-80.786
712,-63.22,-80.786
713,-63.22,-80.786
714,-63.22,-80.786
715,-63.22,-80.786
716,-63.22,-80.786
717,-63.22,-80.786
718,-63.22,-80.786
719,-63.22,-80.786
720,-63.22,-80.786
721,-63.22,-80.786
722,-63.22,-80.786
723,-63.22,-80.786
724,-63.22,-80.786
725,-63.22,-80.786
726,-63.22,-80.786
727,-63.22,-80.786
728,-63.22,-80.786
729,-63.22,-80.786
730,-63.22,-80.786
731,-63.22,-80.786
732,-63.22,-80.786
733,-63.22,-80.786
734,-63.22,-80.786
735,-63.22,-80.786
736,-63.22,-80.786
737,-63.22,-80.786
738,-63.22,-80.786
739,-63.22,-80.786
740,-63.22,-80.786
741,-63.22,-80.786
742,-63.22,-80.786
743,-63.22,-80.786
744,-63.22,-80.786
745,-63.22,-80.786
746,-63.22,-80.786
747,-63.22,-80.786
748,-63.22,-80.786
749,-63.22,-80.786
750,-63.22,-80.786
751,-63.22,-80.786
752,-63.22,-80.786
753,-63.22,-80.786
754,-63.22,-80.786
755,-63.22,-80.786
756,-63.22,-80.786
757,-63.22,-80.786
758,-63.22,-80.786
759,-63.22,-80.786
760,-63.22,-80.786
761,-63.22,-80.786
762,-63.22,-80.786
763,-63.22,-80.786
764,-63.22,-80.786
765,-63.22,-80.786
766,-63.22,-80.786
767,-63.22,-80.786
768,-63.22,-80.786
769,-63.22,-80.786
770,-63.22,-80.786
771,-63.22,-80.786
772,-63.22,-80.786
773,-63.22,-80.786
774,-63.22,-80.786
775,-63.22,-80.786
776,-63.22,-80.786
777,-63.22,-80.786
778,-63.22,-80.786
779,-63.22,-80.786
780,-63.22,-80.786
781,-63.22,-80.786
782,-63.22,-80.786
783,-63.22,-80.786
784,-63.22,-80.786
785,-63.22,-80.786
786,-63.22,-80.786
787,-63.22,-80.786
788,-63.22,-80.786
789,-63.22,-80.786
790,-63.22,-80.786
791,-63.22,-80.786
792,-63.22,-80.786
793,-63.22,-80.786
794,-63.22,-80.786
795,-63.22,-80.786
796,-63.22,-80.786
797,-63.22,-80.786
798,-63.22,-80.786
799,-63.22,-80.786
800,-63.22,-80.786
801,-63.22,-80.786
802,-63.22,-80.786
803,-63.22,-80.786
804,-63.22,-80.786
805,-63.22,-80.786
806,-63.22,-80.786
807,-63.22,-80.786
808,-63.22,-80.786
809,-63.22,-80.786
810,-63.22,-80.786
811,-63.22,-80.786
812,-63.22,-80.786
813,-63.22,-80.786
814,-63.22,-80.786
815,-63.22,-80.786
816,-63.22,-80.786
817,-63.22,-80.786
818,-63.22,-80.786
819,-63.22,-80.786
820,-63.22,-80.786
821,-63.22,-80.786
822,-63.22,-80.786
823,-63.22,-80.786
824,-63.22,-80.786
825,-63.22,-80.786
826,-63.22,-80.786
827,-63.22,-80.786
828,-63.22,-80.786
829,-63.22,-80.786
830,-63.22,-80.786
831,-63.22,-80.786
832,-63.22,-80.786
833,-63.22,-80.786
834,-63.22,-80.786
835,-63.22,-80.786
836,-63.22,-80.786
837,-63.22,-80.786
838,-63.22,-80.786
839,-63.22,-80.786
840,-63.22,-80.786
841,-63.22,-80.786
842,-63.22,-80.786
843,-63.22,-80.786
844,-63.22,-80.786
845,-63.22,-80.786
846,-63.22,-80.786
847,-63.22,-80.786
848,-63.22,-80.786
849,-63.22,-80.786
850,-63.22,-80.786
851,-63.22,-80.786
852,-63.22,-80.786
853,-63.22,-80.786
854,-63.22,-80.786
855,-63.22,-80.786
856,-63.22,-80.786
857,-63.22,-80.786
858,-63.22,-80.786
859,-63.22,-80.786
860,-63.22,-80.786
861,-63.22,-80.786
862,-63.22,-80.786
863,-63.22,-80.786
864,-63.22,-80.786
865,-63.22,-80.786
866,-63.22,-80.786
867,-63.22,-80.786
868,-63.22,-80.786
869,-63.22,-80.786
870,-63.22,-80.786
871,-63.22,-80.786
872,-63.22,-80.786
873,-63.22,-80.786
874,-63.22,-80.786
875,-63.22,-80.786
876,-63.22,-80.786
877,-63.22,-80.786
878,-63.22,-80.786
879,-63.22,-80.786
880,-63.22,-80.786
881,-63.22,-80.786
882,-63.22,-80.786
883,-63.22,-80.786
884,-63.22,-80.786
885,-63.22,-80.786
886,-63.22,-80.786
887,-63.22,-80.786
888,-63.22,-80.786
889,-63.22,-80.786
890,-63.22,-80.786
891,-63.22,-80.786
892,-63.22,-80.786
893,-63.22,-80.786
894,-63.22,-80.786
895,-63.22,-80.786
896,-63.22,-80.786
897,-63.22,-80.786
898,-63.22,-80.786
899,-63.22,-80.786
900,-63.22,-80.786
901,-63.22,-80.786
902,-63.22,-80.786
903,-63.22,-80.786
904,-63.22,-80.786
905,-63.22,-80.786
906,-63.22,-80.786
907,-63.22,-80.786
908,-63.22,-80.786
909,-63.22,-80.786
910,-63.22,-80.786
911,-63.22,-80.786
912,-63.22,-80.786
913,-63.22,-80.786
914,-63.22,-80.786
915,-63.22,-80.786
916,-63.22,-80.786
917,-63.22,-80.786
918,-63.22,-80.786
919,-63.22,-80.786
920,-63.22,-80.786
921,-63.22,-80.786
922,-63.22,-80.786
923,-63.22,-80.786
924,-63.22,-80.786
925,-63.22,-80.786
926,-63.22,-80.786
927,-63.22,-80.786
928,-63.22,-80.786
929,-63.22,-80.786
930,-63.22,-80.786
931,-63.22,-80.786
932,-63.22,-80.786
933,-63.22,-80.786
934,-63.22,-80.786
935,-63.22,-80.786
936,-63.22,-80.786
937,-63.22,-80.786
938,-63.22,-80.786
939,-63.22,-80.786
940,-63.22,-80.786
941,-63.22,-80.786
942,-63.22,-80.786
943,-63.22,-80.786
944,-63.22,-80.786
945,-63.22,-80.786
946,-63.22,-80.786
947,-63.22,-80.786
948,-63.22,-80.786
949,-63.22,-80.786
950,-63.22,-80.786
951,-63.22,-80.786
952,-63.22,-80.786
953,-63.22,-80.786
954,-63.22,-80.786
955,-63.22,-80.786
956,-63.22,-80.786
957,-63.22,-80.786
958,-63.22,-80.786
959,-63.22,-80.786
960,-63.22,-80.786
961,-63.22,-80.786
962,-63.22,-80.786
963,-63.22,-80.786
964,-63.22,-80.786
965,-63.22,-80.786
966,-63.22,-80.786
967,-63.22,-80.786
968,-63.22,-80.786
969,-63.22,-80.786
970,-63.22,-80.786
971,-63.22,-80.786
972,-63.22,-80.786
973,-63.22,-80.786
974,-63.22,-80.786
975,-63.22,-80.786
976,-63.22,-80.786
977,-63.22,-80.786
978,-63.22,-80.786
979,-63.22,-80.786
980,-63.22,-80.786
981,-63.22,-80.786
982,-63.22,-80.786
983,-63.22,-80.786
984,-63.22,-80.786
985,-63.22,-80.786
986,-63.22,-80.786
987,-63.22,-80.786
988,-63.22,-80.786
989,-63.22,-80.786
990,-63.22,-80.786
991,-63.22,-80.786
992,-63.22,-80.786
993,-63.22,-80.786
994,-63.22,-80.786
995,-63.22,-80.786
996,-63.22,-80.786
997,-63.22,-80.786
998,-63.22,-80.786
999,-63.22,-80.786
1000,-63.22,-80.786
1001,-63.22,-80.786
1002,-63.22,-80.786
1003,-63.22,-80.786
1004,-63.22,-80.786
1005,-63.22,-80.786
1006,-63.22,-80.786
1007,-63.22,-80.786
1008,-63.22,-80.786
1009,-63.22,-80.786
1010,-63.22,-80.786
1011,-63.22,-80.786
1012,-63.22,-80.786
1013,-63.22,-80.786
1014,-63.22,-80.786
1015,-63.22,-80.786
1016,-63.22,-80.786
1017,-63.22,-80.786
1018,-63.22,-80.786
1019,-63.22,-80.786
1020,-63.22,-80.786
1021,-63.22,-80.786
1022,-63.22,-80.786
1023,-63.22,-80.786
1024,-63.22,-80.786
1025,-63.22,-80.786
1026,-63.22,-80.786
1027,-63.22,-80.786
1028,-63.22,-80.786
1029,-63.22,-80.786
1030,-63.22,-80.786
1031,-63.22,-80.786
1032,-63.22,-80.786
1033,-63.22,-80.786
1034,-63.22,-80.786
1035,-63.22,-80.786
1036,-63.22,-80.786
1037,-63.22,-80.786
1038,-63.22,-80.786
1039,-63.22,-80.786
1040,-63.22,-80.786
1041,-63.22,-80.786
1042,-63.22,-80.786
1043,-63.22,-80.786
1044,-63.22,-80.786
1045,-63.22,-80.786
1046,-63.22,-80.786
1047,-63.22,-80.786
1048,-63.22,-80.786
1049,-63.22,-80.786
1050,-63.22,-80.786
1051,-63.22,-80.786
1052,-63.22,-80.786
1053,-63.22,-80.786
1054,-63.22,-80.786
1055,-63.22,-80.786
1056,-63.22,-80.786
1057,-63.22,-80.786
1058,-63.22,-80.786
1059,-63.22,-80.786
1060,-63.22,-80.786
1061,-63.22,-80.786
1062,-63.22,-80.786
1063,-63.22,-80.786
1064,-63.22,-80.786
1065,-63.22,-80.786
1066,-63.22,-80.786
1067,-63.22,-80.786
1068,-63.22,-80.786
1069,-63.22,-80.786
1070,-63.22,-80.786
1071,-63.22,-80.786
1072,-63.22,-80.786
1073,-63.22,-80.786
1074,-63.22,-80.786
1075,-63.22,-80.786
1076,-63.22,-80.786
1077,-63.22,-80.786
1078,-63.22,-80.786
1079,-63.22,-80.786
1080,-63.22,-80.786
1081,-63.22,-80.786
1082,-63.22,-80.786
1083,-63.22,-80.786
1084,-63.22,-80.786
1085,-63.22,-80.786
1086,-63.22,-80.786
1087,-63.22,-80.786
1088,-63.22,-80.786
1089,-63.22,-80.786
1090,-63.22,-80.786
1091,-63.22,-80.786
1092,-63.22,-80.786
1093,-63.22,-80.786
1094,-63.22,-80.786
1095,-63.22,-80.786
1096,-63.22,-80.786
1097,-63.22,-80.786
1098,-63.22,-80.786
1099,-63.22,-80.786
1100,-63.22,-80.786
1101,-63.22,-80.786
1102,-63.22,-80.786
1103,-63.22,-80.786
1104,-63.22,-80.786
1105,-63.22,-80.786
1106,-63.22,-80.786
1107,-63.22,-80.786
1108,-63.22,-80.786
1109,-63.22,-80.786
1110,-63.22,-80.786
1111,-63.22,-80.786
1112,-63.22,-80.786
1113,-63.22,-80.786
1114,-63.22,-80.786
1115,-63.22,-80.786
1116,-63.22,-80.786
1117,-63.22,-80.786
1118,-63.22,-80.786
1119,-63.22,-80.786
1120,-63.22,-80.786
1121,-63.22,-80.786
1122,-63.22,-80.786
1123,-63.22,-80.786
1124,-63.22,-80.786
1125,-63.22,-80.786
1126,-63.22,-80.786
1127,-63.22,-80.786
1128,-63.22,-80.786
1129,-63.22,-80.786
1130,-63.22,-80.786
1131,-63.22,-80.786
1132,-63.22,-80.786
1133,-63.22,-80.786
1134,-63.22,-80.786
1135,-63.22,-80.786
1136,-63.22,-80.786
1137,-63.22,-80.786
1138,-63.22,-80.786
1139,-63.22,-80.786
1140,-63.22,-80.786
1141,-63.22,-80.786
1142,-63.22,-80.786
1143,-63.22,-80.786
1144,-63.22,-80.786
1145,-63.22,-80.786
1146,-63.22,-80.786
1147,-63.22,-80.786
1148,-63.22,-80.786
1149,-63.22,-80.786
1150,-63.22,-80.786
1151,-63.22,-80.786
1152,-63.22,-80.786
1153,-63.22,-80.786
1154,-63.22,-80.786
1155,-63.22,-80.786
1156,-63.22,-80.786
1157,-63.22,-80.786
1158,-63.22,-80.786
1159,-63.22,-80.786
1160,-63.22,-80.786
1161,-63.22,-80.786
1162,-63.22,-80.786
1163,-63.22,-80.786
1164,-63.22,-80.786
1165,-63.22,-80.786
1166,-63.22,-80.786
1167,-63.22,-80.786
1168,-63.22,-80.786
1169,-63.22,-80.786
1170,-63.22,-80.786
1171,-63.22,-80.786
1172,-63.22,-80.786
1173,0,0
1174,0,0
1175,0,0
1176,0,0
1177,0,0
1178,0,0
1179,0,0
1180,0,0
1181,0,0
1182,0,0
1183,0,0
1184,0,0
1185,0,0
1186,0,0
1187,0,0
1188,0,0
1189,0,0
1190,0,0
1191,0,0
1192,0,0
1193,0,0
1194,0,0
1195,0,0
1196,0,0
1197,0,0
1198,0,0
1199,0,0
1200,0,0
1201,0,0
1202,0,0
1203,0,0
1204,0,0
1205,0,0
1206,0,0
1207,0,0
1208,0,0
1209,0,0
1210,0,0
1211,0,0
1212,0,0
1213,0,0
1214,0,0
1215,0,0
1216,0,0
1217,0,0
1218,0,0
1219,0,0
1220,0,0
1221,0,0
1222,0,0
1223,0,0
1224,0,0
1225,0,0
1226,0,0
1227,0,0
1228,0,0
1229,0,0
1230,0,0
1231,0,0
1232,0,0
1233,0,0
1234,0,0
1235,0,0
1236,0,0
1237,0,0
1238,0,0
1239,0,0
1240,0,0
1241,0,0
1242,0,0
1243,0,0
1244,0,0
1245,0,0
1246,0,0
1247,0,0
1248,0,0
1249,0,0
1250,0,0
1251,0,0
1252,0,0
1253,0,0
1254,0,0
1255,0,0
1256,0,0
1257,0,0
1258,0,0
1259,0,0
1260,0,0
1261,0,0
1262,0,0
1263,0,0
1264,0,0
1265,0,0
1266,0,0
1267,0,0
1268,0,0
1269,0,0
1270,0,0
1271,0,0
1272,0,0
1273,0,0
1274,0,0
1275,0,0
1276,0,0
1277,0,0
1278,0,0
1279,0,0
1280,0,0
1281,0,0
1282,0,0
1283,0,0
1284,0,0
1285,0,0
1286,0,0
1287,0,0
1288,0,0
1289,0,0
1290,0,0
1291,0,0
1292,0,0
1293,0,0
1294,0,0
1295,0,0
1296,0,0
1297,0,0
1298,0,0
1299,0,0
1300,0,0
1301,0,0
1302,0,0
1303,0,0
1304,0,0
1305,0,0
1306,0,0
1307,0,0
1308,0,0
1309,0,0
1310,0,0
1311,0,0
1312,0,0
1313,0,0
1314,0,0
1315,0,0
1316,0,0
1317,0,0
1318,0,0
1319,0,0
1320,0,0
1321,0,0
1322,0,0
1323,0,0
1324,0,0
1325,0,0
1326,0,0
1327,0,0
1328,0,0
1329,0,0
1330,0,0
1331,0,0
1332,0,0
1333,0,0
1334,0,0
1335,0,0
1336,0,0
1337,0,0
1338,0,0
1339,0,0
1340,0,0
1341,0,0
1342,0,0
1343,0,0
1344,0,0
1345,0,0
1346,0,0
1347,0,0
1348,0,0
1349,0,0
1350,0,0
1351,0,0
1352,0,0
1353,0,0
1354,0,0
1355,0,0
1356,0,0
1357,0,0
1358,0,0
1359,0,0
1360,0,0
1361,0,0
1362,0,0
1363,0,0
1364,0,0
1365,0,0
1366,0,0
1367,0,0
1368,0,0
1369,0,0
1370,0,0
1371,0,0
1372,0,0
1373,0,0
1374,0,0
1375,0,0
1376,0,0
1377,0,0
1378,0,0
1379,0,0
1380,0,0
1381,0,0
1382,0,0
1383,0,0
1384,0,0
1385,0,0
1386,0,0
1387,0,0
1388,0,0
1389,0,0
1390,0,0
1391,0,0
1392,0,0
1393,0,0
1394,0,0
1395,0,0
1396,0,0
1397,0,0
1398,0,0
1399,0,0
1400,0,0
1401,0,0
1402,0,0
1403,0,0
1404,0,0
1405,0,0
1406,0,0
1407,0,0
1408,0,0
1409,0,0
1410,0,0
1411,0,0
1412,0,0
1413,0,0
1414,0,0
1415,0,0
1416,0,0
1417,0,0
1418,0,0
1419,0,0
1420,0,0
1421,0,0
1422,0,0
1423,0,0
1424,0,0
1425,0,0
1426,0,0
1427,0,0
1428,0,0
1429,0,0
1430,0,0
1431,0,0
1432,0,0
1433,0,0
1434,0,0
1435,0,0
1436,0,0
1437,0,0
1438,0,0
1439,0,0
1440,0,0
1441,0,0
1442,0,0
1443,0,0
1444,0,0
1445,0,0
1446,0,0
1447,0,0
1448,0,0
1449,0,0
1450,0,0
1451,0,0
1452,0,0
1453,0,0
1454,0,0
1455,0,0
1456,0,0
1457,0,0
1458,0,0
1459,0,0
1460,0,0
1461,0,0
1462,0,0
1463,0,0
1464,0,0
1465,0,0
1466,0,0
1467,0,0
1468,0,0
1469,0,0
1470,0,0
1471,0,0
1472,0,0
1473,0,0
1474,0,0
1475,0,0
1476,0,0
1477,0,0
1478,0,0
1479,0,0
1480,0,0
1481,0,0
1482,0,0
1483,0,0
1484,0,0
1485,0,0
1486,0,0
1487,0,0
1488,0,0
1489,0,0
1490,0,0
1491,0,0
1492,0,0
1493,0,0
1494,0,0
1495,0,0
1496,0,0
1497,0,0
1498,0,0
1499,0,0
1500,0,0
1501,0,0
1502,0,0
1503,0,0
1504,0,0
1505,0,0
1506,0,0
1507,0,0
1508,0,0
1509,0,0
1510,0,0
1511,0,0
1512,0,0
1513,0,0
1514,0,0
1515,0,0
1516,0,0
1517,0,0
1518,0,0
1519,0,0
1520,0,0
1521,0,0
1522,0,0
1523,0,0
1524,0,0
1525,0,0
1526,0,0
1527,0,0
1528,0,0
1529,0,0
1530,0,0
1531,0,0
1532,0,0
1533,0,0
1534,0,0
1535,0,0
1536,0,0
1537,0,0
1538,0,0
1539,0,0
1540,0,0
1541,0,0
1542,0,0
1543,0,0
1544,0,0
1545,0,0
1546,0,0
1547,0,0
1548,0,0
1549,0,0
1550,0,0
1551,0,0
1552,0,0
1553,0,0
1554,0,0
1555,0,0
1556,0,0
1557,0,0
1558,0,0
1559,0,0
1560,0,0
1561,0,0
1562,0,0
1563,0,0
1564,0,0
1565,0,0
1566,0,0
1567,0,0
1568,0,0
1569,0,0
1570,0,0
1571,0,0
1572,0,0
1573,0,0
1574,0,0
1575,0,0
1576,0,0
1577,0,0
1578,0,0
1579,0,0
1580,0,0
1581,0,0
1582,0,0
1583,0,0
1584,0,0
1585,0,0
1586,0,0
1587,0,0
1588,0,0
1589,0,0
1590,0,0
1591,0,0
1592,0,0
1593,0,0
1594,0,0
1595,0,0
1596,0,0
1597,0,0
1598,0,0
1599,0,0
1600,0,0
1601,0,0
1602,0,0
1603,0,0
1604,0,0
1605,0,0
1606,0,0
1607,0,0
1608,0,0
1609,0,0
1610,0,0
1611,0,0
1612,0,0
1613,0,0
1614,0,0
1615,0,0
1616,0,0
1617,0,0
1618,0,0
1619,0,0
1620,0,0
1621,0,0
1622,0,0
1623,0,0
1624,0,0
1625,0,0
1626,0,0
1627,0,0
1628,0,0
1629,0,0
1630,0,0
1631,0,0
1632,0,0
1633,0,0
1634,0,0
1635,0,0
1636,0,0
1637,0,0
1638,0,0
1639,0,0
1640,0,0
1641,0,0
1642,0,0
1643,0,0
1644,0,0
1645,0,0
1646,0,0
1647,0,0
1648,0,0
1649,0,0
1650,0,0
1651,0,0
1652,0,0
1653,0,0
1654,0,0
1655,0,0
1656,0,0
1657,0,0
1658,0,0
1659,0,0
1660,0,0
1661,0,0
1662,0,0
1663,0,0
1664,0,0
1665,0,0
1666,0,0
1667,0,0
1668,0,0
1669,0,0
1670,0,0
1671,0,0
1672,0,0
1673,0,0
1674,0,0
1675,0,0
1676,0,0
1677,0,0
1678,0,0
1679,0,0
1680,0,0
1681,0,0
1682,0,0
1683,0,0
1684,0,0
1685,0,0
1686,0,0
1687,0,0
1688,0,0
1689,0,0
1690,0,0
1691,0,0
1692,0,0
1693,0,0
1694,0,0
1695,0,0
1696,0,0
1697,0,0
1698,0,0
1699,0,0
1700,0,0
1701,0,0
1702,0,0
1703,0,0
1704,0,0
1705,0,0
1706,0,0
1707,0,0
1708,0,0
1709,0,0
1710,0,0
1711,0,0
1712,0,0
1713,0,0
1714,0,0
1715,0,0
1716,0,0
1717,0,0
1718,0,0
1719,0,0
1720,0,0
1721,0,0
1722,0,0
1723,0,0
1724,0,0
1725,0,0
1726,0,0
1727,0,0
1728,0,0
1729,0,0
1730,0,0
1731,0,0
1732,0,0
1733,0,0
1734,0,0
1735,0,0
1736,0,0
1737,0,0
1738,0,0
1739,0,0
1740,0,0
1741,0,0
1742,0,0
1743,0,0
1744,0,0
1745,0,0
1746,0,0
1747,0,0
1748,0,0
1749,0,0
1750,0,0
1751,0,0
1752,0,0
1753,0,0
1754,0,0
1755,0,0
1756,0,0
1757,0,0
1758,0,0
1759,0,0
1760,0,0
1761,0,0
1762,0,0
1763,0,0
1764,0,0
1765,0,0
1766,0,0
1767,0,0
1768,0,0
1769,0,0
1770,0,0
1771,0,0
1772,0,0
1773,0,0
1774,0,0
1775,0,0
1776,0,0
1777,0,0
1778,0,0
1779,0,0
1780,0,0
1781,0,0
1782,0,0
1783,0,0
1784,0,0
1785,0,0
1786,0,0
1787,0,0
1788,0,0
1789,0,0
1790,0,0
1791,0,0
1792,0,0
1793,0,0
1794,0,0
1795,0,0
1796,0,0
1797,0,0
1798,0,0
1799,0,0
1800,0,0
1801,0,0
1802,0,0
1803,0,0
1804,0,0
1805,0,0
1806,0,0
1807,0,0
1808,0,0
1809,0,0
1810,0,0
1811,0,0
1812,0,0
1813,0,0
1814,0,0
1815,0,0
1816,0,0
1817,0,0
1818,0,0
1819,0,0
1820,0,0
1821,0,0
1822,0,0
1823,0,0
1824,0,0
1825,0,0
1826,0,0
1827,0,0
1828,0,0
1829,0,0
1830,0,0
1831,0,0
1832,0,0
1833,0,0
1834,0,0
1835,0,0
1836,0,0
1837,0,0
1838,0,0
1839,0,0
1840,0,0
1841,0,0
1842,0,0
1843,0,0
1844,0,0
1845,0,0
1846,0,0
1847,0,0
1848,0,0
1849,0,0
1850,0,0
1851,0,0
1852,0,0
1853,0,0
1854,0,0
1855,0,0
1856,0,0
1857,0,0
1858,0,0
1859,0,0
1860,0,0
1861,0,0
1862,0,0
1863,0,0
1864,0,0
1865,0,0
1866,0,0
1867,0,0
1868,0,0
1869,0,0
1870,0,0
1871,0,0
1872,0,0
1873,0,0
1874,0,0
1875,0,0
1876,0,0
1877,0,0
1878,0,0
1879,0,0
1880,0,0
1881,0,0
1882,0,0
1883,0,0
1884,0,0
1885,0,0
1886,0,0
1887,0,0
1888,0,0
1889,0,0
1890,0,0
1891,0,0
1892,0,0
1893,0,0
1894,0,0
1895,0,0
1896,0,0
1897,0,0
1898,0,0
1899,0,0
1900,0,0
1901,0,0
1902,0,0
1903,0,0
1904,0,0
1905,0,0
1906,0,0
1907,0,0
1908,0,0
1909,0,0
1910,0,0
1911,0,0
1912,0,0
1913,0,0
1914,0,0
1915,0,0
1916,0,0
1917,0,0
1918,0,0
1919,0,0
1920,0,0
1921,0,0
1922,0,0
1923,0,0
1924,0,0
1925,0,0
1926,0,0
1927,0,0
1928,0,0
1929,0,0
1930,0,0
1931,0,0
1932,0,0
1933,0,0
1934,0,0
1935,0,0
1936,0,0
1937,0,0
1938,0,0
1939,0,0
1940,0,0
1941,0,0
1942,0,0
1943,0,0
1944,0,0
1945,0,0
1946,0,0
1947,0,0
1948,0,0
1949,0,0
1950,0,0
1951,0,0
1952,0,0
1953,0,0
1954,0,0
1955,0,0
1956,0,0
1957,0,0
1958,0,0
1959,0,0
1960,0,0
1961,0,0
1962,0,0
1963,0,0
1964,0,0
1965,0,0
1966,0,0
1967,0,0
1968,0,0
1969,0,0
1970,0,0
1971,0,0
1972,0,0
1973,0,0
1974,0,0
1975,0,0
1976,0,0
1977,0,0
1978,0,0
1979,0,0
1980,0,0
1981,0,0
1982,0,0
1983,0,0
1984,0,0
1985,0,0
1986,0,0
1987,0,0
1988,0,0
1989,0,0
1990,0,0
1991,0,0
1992,0,0
1993,0,0
1994,0,0
1995,0,0
1996,0,0
1997,0,0
1998,0,0
1999,0,0
2000,0,0
2001,0,0
2002,0,0
2003,0,0
2004,0,0
2005,0,0
2006,0,0
2007,0,0
2008,0,0
2009,0,0
2010,0,0
2011,0,0
2012,0,0
2013,0,0
2014,0,0
2015,0,0
2016,0,0
2017,0,0
2018,0,0
2019,0,0
2020,0,0
2021,0,0
2022,0,0
2023,0,0
2024,0,0
2025,0,0
2026,0,0
2027,0,0
2028,0,0
2029,0,0
2030,0,0
2031,0,0
2032,0,0
2033,0,0
2034,0,0
2035,0,0
2036,0,0
2037,0,0
2038,0,0
2039,0,0
2040,0,0
2041,0,0
2042,0,0
2043,0,0
2044,0,0
2045,0,0
2046,0,0
2047,0,0
2048,0,0
2049,0,0
2050,0,0
2051,0,0
2052,0,0
2053,0,0
2054,0,0
2055,0,0
2056,0,0
2057,0,0
2058,0,0
2059,0,0
2060,0,0
2061,0,0
2062,0,0
2063,0,0
2064,0,0
2065,0,0
2066,0,0
2067,0,0
2068,0,0
2069,0,0
2070,0,0
2071,0,0
2072,0,0
2073,0,0
2074,0,0
2075,0,0
2076,0,0
2077,0,0
2078,0,0
2079,0,0
2080,0,0
2081,0,0
2082,0,0
2083,0,0
2084,0,0
2085,0,0
2086,0,0
2087,0,0
2088,0,0
2089,0,0
2090,0,0
2091,0,0
2092,0,0
2093,0,0
2094,0,0
2095,0,0
2096,0,0
2097,0,0
2098,0,0
2099,0,0
2100,0,0
2101,0,0
2102,0,0
2103,0,0
2104,0,0
2105,0,0
2106,0,0
2107,0,0
2108,0,0
2109,0,0
2110,0,0
2111,0,0
2112,0,0
2113,0,0
2114,0,0
2115,0,0
2116,0,0
2117,0,0
2118,0,0
2119,0,0
2120,0,0
2121,0,0
2122,0,0
2123,0,0
2124,0,0
2125,0,0
2126,0,0
2127,0,0
2128,0,0
2129,0,0
2130,0,0
2131,0,0
2132,0,0
2133,0,0
2134,0,0
2135,0,0
2136,0,0
2137,0,0
2138,0,0
2139,0,0
2140,0,0
2141,0,0
2142,0,0
2143,0,0
2144,0,0
2145,0,0
2146,0,0
2147,0,0
2148,0,0
2149,0,0
2150,0,0
2151,0,0
2152,0,0
2153,0,0
2154,0,0
2155,0,0
2156,0,0
2157,0,0
2158,0,0
2159,0,0
2160,0,0
2161,0,0
2162,0,0
2163,0,0
2164,0,0
2165,0,0
2166,0,0
2167,0,0
2168,0,0
2169,0,0
2170,0,0
2171,0,0
2172,0,0
2173,0,0
2174,0,0
2175,0,0
2176,0,0
2177,0,0
2178,0,0
2179,0,0
2180,0,0
2181,0,0
2182,0,0
2183,0,0
2184,0,0
2185,0,0
2186,0,0
2187,0,0
2188,0,0
2189,0,0
2190,0,0
2191,0,0
2192,0,0
2193,0,0
2194,0,0
2195,0,0
2196,0,0
2197,0,0
2198,0,0
2199,0,0
2200,0,0
2201,0,0
2202,0,0
2203,0,0
2204,0,0
2205,0,0
2206,0,0
2207,0,0
2208,0,0
2209,0,0
2210,0,0
2211,0,0
2212,0,0
2213,0,0
2214,0,0
2215,0,0
2216,0,0
2217,0,0
2218,0,0
2219,0,0
2220,0,0
2221,0,0
2222,0,0
2223,0,0
2224,0,0
2225,0,0
2226,0,0
2227,0,0
2228,0,0
2229,0,0
2230,0,0
2231,0,0
2232,0,0
2233,0,0
2234,0,0
2235,0,0
2236,0,0
2237,0,0
2238,0,0
2239,0,0
2240,0,0
2241,0,0
2242,0,0
2243,0,0
2244,0,0
2245,0,0
2246,0,0
2247,0,0
2248,0,0
2249,0,0
2250,0,0
2251,0,0
2252,0,0
2253,0,0
2254,0,0
2255,0,0
2256,0,0
2257,0,0
2258,0,0
2259,0,0
2260,0,0
2261,0,0
2262,0,0
2263,0,0
2264,0,0
2265,0,0
2266,0,0
2267,0,0
2268,0,0
2269,0,0
2270,0,0
2271,0,0
2272,0,0
2273,0,0
2274,0,0
2275,0,0
2276,0,0
2277,0,0
2278,0,0
2279,0,0
2280,0,0
2281,0,0
2282,0,0
2283,0,0
2284,0,0
2285,0,0
2286,0,0
2287,0,0
2288,0,0
2289,0,0
2290,0,0
2291,0,0
2292,0,0
2293,0,0
2294,0,0
2295,0,0
2296,0,0
2297,0,0
2298,0,0
2299,0,0
2300,0,0
2301,0,0
2302,0,0
2303,0,0
2304,0,0
2305,0,0
2306,0,0
2307,0,0
2308,0,0
2309,0,0
2310,0,0
2311,0,0
2312,0,0
2313,0,0
2314,0,0
2315,0,0
2316,0,0
2317,0,0
2318,0,0
2319,0,0
2320,0,0
2321,0,0
2322,0,0
2323,0,0
2324,0,0
2325,0,0
2326,0,0
2327,0,0
2328,0,0
2329,0,0
2330,0,0
2331,0,0
2332,0,0
2333,0,0
2334,0,0
2335,0,0
2336,0,0
2337,0,0
2338,0,0
2339,0,0
2340,0,0
2341,0,0
2342,0,0
2343,0,0
2344,0,0
2345,0,0
2346,0,0
2347,0,0
2348,0,0
2349,0,0
2350,0,0
2351,0,0
2352,0,0
2353,0,0
2354,0,0
